98,178,236,244,219,187,176,205,169,49,145,233,71,101,238,94,55,12,88,236,214,207,116,61,33,28,62,154,76,26,53,146
127,21,16,136,54,118,212,30,45,55,89,71,145,233,132,15,64,23,174,89,68,246,45,237,132,221,162,19,76,114,53,104
20,26,165,127,57,30,234,25,103,74,68,195,170,177,7,231,174,182,36,250,19,233,112,254,242,34,61,123,89,27,226,225
250,111,44,177,28,10,93,195,7,186,192,125,248,187,142,132,91,223,234,243,5,68,65,84,212,35,212,9,77,164,234,27
119,124,119,110,208,20,76,173,8,87,186,88,176,174,96,100,225,229,153,190,112,216,83,179,213,95,230,57,6,146,148,132
232,19,89,188,212,188,45,60,155,118,47,199,0,159,11,192,54,42,148,101,184,51,18,144,216,128,70,126,159,149,91,255
175,105,71,48,111,10,241,83,91,147,185,98,151,226,127,137,111,202,63,129,2,81,143,217,28,154,156,143,87,205,3,175
73,103,40,59,187,194,148,148,166,40,94,93,13,78,237,184,226,42,173,27,179,166,28,129,104,109,174,235,90,64,88,94
192,15,180,68,27,130,156,223,12,149,135,53,240,214,45,218,220,25,40,48,133,177,61,175,38,250,26,84,115,17,125,254
230,25,187,239,144,11,168,96,26,46,150,181,147,145,126,22,170,73,61,39,60,93,96,53,236,93,249,24,20,111,169,17
3,96,241,243,164,50,245,35,101,116,218,141,106,159,113,120,131,203,254,41,233,234,96,180,167,223,180,113,252,97,66,183
54,208,170,182,221,102,201,220,202,60,160,120,224,163,243,204,233,167,25,12,94,30,226,224,42,255,251,1,211,190,119,196
61,142,9,100,42,18,169,168,164,104,248,50,17,106,208,104,13,7,114,212,144,55,164,241,246,156,213,53,98,179,148,187
6,182,160,212,189,181,160,181,3,229,12,9,138,56,105,238,99,127,165,41,118,253,35,85,245,95,10,150,109,15,59,165
234,30,21,25,8,114,167,7,98,244,123,194,151,78,194,132,195,107,187,107,87,239,53,102,51,77,156,3,124,69,97,112
243,244,84,88,158,233,129,214,133,37,230,208,199,165,111,165,204,133,109,242,84,71,255,78,86,125,24,181,155,30,165,104
115,127,82,60,126,5,73,36,6,54,219,224,195,119,30,87,104,77,111,226,135,135,197,68,197,28,228,85,23,46,132,209
162,60,235,42,251,239,22,239,250,33,97,122,128,63,52,84,154,101,238,74,43,140,121,176,41,185,151,38,167,11,83,1
238,202,169,47,243,252,16,140,173,158,98,140,93,194,74,128,35,120,113,167,161,144,248,75,101,170,214,239,106,172,231,180
35,59,200,120,69,246,127,132,95,208,12,176,42,12,66,36,37,115,8,98,9,252,250,99,254,73,74,82,104,219,225,25
189,187,180,36,69,105,159,122,92,106,221,244,49,248,37,224,5,28,37,186,239,63,77,189,37,169,174,240,59,252,105,224
16,245,78,250,207,37,66,25,21,225,73,98,30,178,66,206,5,58,209,124,83,216,183,174,109,195,216,193,66,96,48,105
98,205,251,57,158,105,201,2,197,105,9,148,90,92,213,30,18,181,188,250,141,149,14,63,107,65,84,10,115,99,128,32
48,150,70,163,42,3,4,98,156,129,195,118,88,15,254,134,254,74,196,46,99,124,75,116,11,11,10,9,53,129,56,111
17,107,221,73,127,219,126,191,99,73,124,129,182,45,179,3,61,158,168,233,66,13,48,51,140,30,190,107,228,59,186,124
29,33,113,163,48,4,176,94,58,10,40,5,227,175,232,111,90,123,67,185,22,154,77,214,171,63,174,7,230,28,72,11
96,215,164,156,247,12,195,151,149,187,116,56,44,110,233,28,87,87,210,150,91,210,49,71,103,147,65,25,107,172,205,75
198,27,73,164,199,70,146,37,235,82,7,169,63,186,81,29,151,158,171,67,178,90,84,217,109,11,146,12,58,142,39,60
247,157,179,154,95,63,110,213,149,28,173,147,146,174,184,73,131,6,132,52,21,234,59,83,189,109,42,107,135,111,37,68
213,117,178,133,76,121,52,39,127,178,108,46,89,218,126,178,84,222,171,7,107,32,109,0,123,164,183,172,232,67,195,177
35,30,131,73,22,109,167,59,170,30,174,158,208,71,67,79,218,245,207,114,245,162,194,118,134,217,25,244,32,201,6,16
153,138,124,169,134,221,18,51,65,16,110,13,151,131,156,153,239,127,249,216,123,117,209,1,160,151,99,6,32,10,160,253
