11,37,192,228,46,90,58,109,167,70,63,211,42,44,62,139,183,107,193,166,247,143,146,221,218,191,144,103,169,70,151,192,42,30,217,6,255,177,191,91,183,218,182,196,108,231,23,183,154,108,121,1,243,229,145,175,83,37,77,196,207,98,145,254
36,180,215,190,193,198,82,200,170,148,41,118,54,139,198,29,35,17,215,89,104,192,161,65,124,121,16,240,229,56,118,83,232,214,2,88,10,86,101,99,237,49,232,148,111,25,63,177,209,12,3,170,237,128,19,14,34,161,66,150,232,51,126,245
189,116,19,79,165,162,224,124,20,189,155,155,187,117,230,186,50,28,100,41,0,213,114,200,11,181,95,7,114,98,153,203,178,184,123,233,84,110,224,166,34,163,150,9,22,68,105,142,197,224,66,137,152,162,14,169,17,212,29,115,126,100,43,95
163,1,4,180,128,67,81,133,165,144,122,213,142,232,94,223,50,235,245,211,135,158,107,82,242,250,220,111,134,173,98,128,90,171,158,137,134,21,74,83,217,228,123,11,224,165,72,159,210,34,42,173,29,243,246,178,231,28,78,204,36,205,66,196
9,52,95,59,92,115,148,3,196,242,221,223,73,101,170,71,187,51,25,244,210,22,98,45,120,229,27,109,216,115,5,210,146,42,74,28,27,181,30,75,11,246,5,138,32,152,127,43,66,87,186,247,253,88,119,137,216,126,58,253,6,132,209,71
209,44,188,116,34,39,158,210,154,133,112,182,147,97,190,51,212,69,101,65,105,223,97,133,55,104,143,40,12,162,173,56,195,16,165,230,102,113,115,2,189,251,84,132,65,60,78,179,246,33,204,57,103,3,102,13,247,239,108,184,13,183,255,22
104,48,67,137,114,174,156,20,10,205,126,183,185,65,224,38,7,136,56,252,67,201,176,169,208,93,85,219,135,217,241,124,43,31,30,16,139,189,163,241,159,7,138,166,49,136,170,234,238,20,219,227,223,76,200,196,189,184,187,183,241,131,204,55
75,243,28,103,29,159,114,203,223,161,66,169,225,44,160,74,14,148,28,214,81,27,186,211,96,27,66,83,159,128,245,167,30,40,74,93,177,222,92,45,212,230,21,136,39,48,63,208,200,198,235,209,93,159,1,33,196,207,7,151,20,225,125,148
50,31,183,116,202,63,211,11,83,130,84,233,83,165,200,47,178,100,198,22,213,12,235,71,41,228,128,243,108,125,3,177,53,3,168,5,118,152,90,9,170,100,152,10,10,17,165,27,240,195,158,50,149,87,7,131,183,116,131,175,90,211,242,153
156,8,74,17,217,76,223,31,117,12,134,163,169,157,14,183,140,109,4,17,61,224,184,18,179,175,250,73,248,17,215,159,81,179,177,62,39,128,47,28,108,112,162,45,127,247,198,105,191,97,123,7,215,85,42,198,109,195,130,129,38,21,186,100
87,154,151,139,71,151,239,79,186,71,18,247,210,166,211,70,135,202,242,72,176,183,24,58,70,45,80,59,86,154,71,41,219,147,223,4,72,251,204,43,208,201,160,135,43,121,249,170,40,23,62,147,4,200,127,32,42,224,246,188,231,73,190,205
107,236,163,224,96,147,205,164,164,77,109,48,206,163,239,207,79,10,60,249,63,197,49,249,12,172,212,61,179,157,246,130,55,210,198,140,170,109,38,188,73,85,115,146,101,115,197,81,131,205,57,72,115,39,126,94,46,182,207,93,125,155,134,6
33,126,230,101,51,55,75,80,52,98,166,185,103,22,196,184,234,210,175,102,211,223,53,142,32,155,78,242,186,106,50,91,52,83,144,120,139,112,133,75,106,161,250,213,48,109,178,192,231,54,119,85,142,39,108,238,93,160,84,73,69,49,152,15
110,228,105,170,3,7,249,255,146,91,104,193,201,144,252,135,114,40,195,196,211,119,127,142,123,11,144,9,199,15,0,110,168,202,19,14,188,246,67,129,125,218,218,4,235,90,64,192,122,79,248,189,150,43,210,199,182,200,234,128,230,71,37,10
83,187,211,208,4,17,35,190,204,143,16,75,233,26,90,75,200,4,20,213,234,173,237,28,223,6,42,7,11,236,119,62,31,76,15,200,187,143,129,253,127,88,255,248,121,231,17,42,142,69,37,239,160,46,53,152,28,188,32,0,101,117,116,164
212,35,188,107,46,50,25,224,193,149,241,185,53,221,213,94,239,218,220,134,242,216,231,19,122,60,112,230,217,150,126,228,106,233,6,56,29,162,191,59,138,147,253,211,160,71,213,57,118,148,128,64,121,117,130,22,31,121,215,16,241,244,130,253
164,183,245,38,169,128,228,130,212,222,131,162,80,30,165,66,197,170,212,103,173,38,186,81,66,253,115,82,191,23,180,119,47,113,60,239,0,21,237,227,11,241,199,161,128,15,135,76,80,137,19,150,100,22,71,51,35,167,247,98,244,63,217,8
143,144,243,114,38,178,225,255,17,174,62,211,248,242,97,203,46,200,225,248,77,216,203,157,77,243,91,8,110,77,124,14,113,192,17,133,225,162,218,200,105,159,46,173,37,33,221,132,173,226,149,245,27,193,111,135,37,175,226,228,163,222,191,252
15,56,195,183,50,128,126,220,33,236,146,198,225,84,173,45,120,155,206,58,132,235,99,253,168,196,25,210,66,243,57,175,129,119,245,167,229,35,124,127,224,2,170,114,218,70,162,239,140,118,233,22,205,174,238,43,121,6,205,164,213,180,197,76
91,220,43,159,255,83,177,214,182,203,5,103,154,205,19,109,89,75,134,54,152,237,143,38,192,184,41,101,181,64,212,167,182,226,147,82,159,139,149,245,8,224,227,15,217,169,144,116,41,150,148,44,135,234,0,84,63,133,250,123,8,106,135,130
210,163,224,140,178,15,88,187,201,242,23,4,18,142,193,253,80,56,221,179,170,64,207,237,84,21,146,126,154,152,141,56,211,47,104,214,158,68,117,35,187,247,85,111,123,19,167,28,219,157,51,77,206,91,165,245,24,135,219,81,89,132,82,169
171,47,84,20,107,206,37,78,25,236,71,53,236,19,214,49,93,72,110,172,86,142,246,49,33,106,53,77,169,84,10,75,46,114,23,140,105,172,36,36,37,232,157,21,135,56,161,61,110,155,142,23,17,92,45,4,72,63,196,209,233,154,211,203
0,252,143,158,34,191,163,192,3,133,48,32,122,232,110,251,61,139,168,88,96,94,118,86,245,122,133,81,151,116,191,192,146,192,6,190,63,114,173,208,34,144,240,38,165,38,119,234,50,192,143,213,218,142,61,24,1,3,109,60,63,194,32,184
21,55,241,52,178,150,184,177,21,85,80,39,104,77,53,193,166,98,97,177,115,69,92,244,6,248,100,194,194,132,119,90,180,241,155,193,39,143,16,30,138,245,39,212,224,66,13,28,233,192,88,113,221,26,9,137,190,53,144,97,76,147,23,2
154,132,103,40,32,40,32,131,10,106,28,74,202,222,199,69,211,242,218,225,245,84,220,138,81,182,26,165,243,242,151,141,62,100,40,52,108,33,119,157,234,184,78,216,132,112,12,144,214,202,209,187,137,182,67,62,198,79,99,254,39,71,75,181
120,233,118,35,177,20,144,236,107,104,56,25,239,20,196,60,157,185,8,94,150,147,224,156,50,48,17,176,219,190,13,62,14,23,96,199,150,231,252,120,23,75,59,227,136,148,118,145,32,39,31,6,135,181,209,180,99,35,174,51,223,97,153,9
40,83,41,42,122,51,79,52,139,246,110,193,130,33,44,109,96,20,154,3,8,83,143,182,51,45,218,161,120,135,103,144,192,205,107,179,245,26,14,49,110,16,178,136,202,254,224,227,46,80,157,161,20,65,185,237,173,174,106,28,245,54,88,101
190,131,106,24,252,159,96,239,21,15,47,67,132,1,250,188,66,174,248,126,13,175,163,3,241,23,233,170,253,100,8,34,188,3,10,130,245,148,216,114,12,255,109,0,22,180,174,160,133,109,215,172,176,71,143,232,182,206,79,115,77,29,6,40
158,80,238,4,134,22,120,1,150,207,9,123,175,168,114,177,118,51,59,158,41,164,72,227,178,92,219,190,134,16,1,71,20,232,99,172,223,245,58,28,43,243,48,140,179,244,97,77,112,158,69,241,112,116,61,121,106,166,195,10,142,58,19,213
63,189,203,75,25,59,253,78,255,25,88,135,168,251,123,13,28,95,48,136,13,236,32,191,80,10,39,160,6,63,125,105,6,107,176,183,187,10,121,176,4,170,131,141,105,14,26,122,194,58,207,72,103,105,3,196,123,24,33,126,64,236,76,74
128,228,9,38,92,210,139,155,149,151,58,122,209,117,150,139,26,185,125,255,243,130,180,221,171,162,172,48,210,253,37,63,109,122,191,127,82,162,246,149,103,240,233,8,104,43,230,126,67,34,15,131,216,113,41,231,31,15,14,172,72,254,116,136
206,202,67,198,124,218,254,177,11,245,148,70,111,205,218,117,48,215,58,208,19,144,88,88,136,157,47,243,99,188,36,109,2,25,139,217,15,99,120,214,21,86,232,107,93,100,37,98,85,149,181,245,116,64,145,163,231,29,29,212,145,148,242,171
171,81,189,174,212,96,127,219,27,228,31,179,194,176,68,82,169,112,196,85,129,244,185,60,170,27,29,104,60,124,150,247,172,92,218,184,133,100,58,80,247,45,172,131,167,66,142,162,250,18,84,87,130,76,243,69,51,154,204,22,71,171,16,86
226,16,100,153,122,45,142,103,163,25,208,1,122,117,111,148,231,98,230,171,151,20,24,89,235,226,113,232,195,155,27,207,48,11,86,55,90,57,122,69,222,36,50,185,41,64,7,76,164,29,51,96,116,66,48,234,6,10,88,68,220,181,250,122
111,32,4,135,171,65,66,88,193,130,88,119,139,159,118,91,244,146,25,159,167,239,237,53,95,233,252,92,167,1,96,187,111,1,176,54,119,202,232,76,213,155,182,181,34,255,226,27,34,57,38,254,99,215,183,149,186,179,95,10,86,1,2,160
12,181,75,228,40,142,195,16,134,139,57,86,136,141,192,15,78,163,231,154,215,17,22,202,124,168,8,244,198,119,222,159,166,148,42,155,22,153,191,162,155,164,194,82,127,67,254,93,189,229,197,225,52,35,249,222,173,254,111,159,236,47,66,45
3,140,240,126,190,211,124,187,25,47,30,153,40,62,46,41,179,115,167,172,120,109,216,106,227,150,138,221,94,94,198,239,25,133,37,215,251,16,32,131,169,228,232,59,153,95,40,66,61,177,245,117,182,213,240,133,131,40,27,165,38,38,79,130
139,40,97,201,143,48,30,139,6,217,62,81,126,46,43,12,182,160,200,244,154,163,87,127,224,216,42,5,130,135,183,199,97,56,185,56,101,59,68,164,131,228,109,231,208,191,50,38,137,82,30,224,145,159,55,37,104,63,210,71,43,253,23,150
35,244,236,78,58,166,64,97,163,214,133,234,129,144,173,183,91,241,24,124,149,139,216,56,45,116,20,250,242,22,210,150,8,93,64,107,237,34,119,116,181,214,213,169,188,173,207,140,19,90,61,99,227,226,254,70,29,43,191,109,200,113,19,234
57,233,15,190,135,249,152,9,12,37,88,8,242,89,208,60,75,215,100,166,153,100,63,72,40,77,65,94,53,75,17,10,107,56,227,136,195,6,247,73,88,151,15,111,96,179,31,127,21,153,218,143,222,216,6,255,30,175,217,55,214,246,248,169
153,204,65,145,6,21,179,233,126,172,104,169,125,120,157,136,168,205,250,184,21,31,194,47,44,106,190,139,165,195,226,63,188,90,111,220,170,227,20,104,221,136,169,57,213,243,250,20,53,96,227,52,0,238,227,166,116,15,85,39,220,246,6,90
211,143,29,1,20,250,98,54,211,238,165,111,62,203,38,180,95,210,143,36,59,91,81,196,251,41,38,103,51,79,107,90,193,215,172,170,56,146,91,52,247,254,177,244,143,238,43,157,61,48,130,58,16,39,145,4,68,29,119,81,13,117,13,157
130,66,239,240,186,242,216,133,133,102,145,94,188,97,248,183,45,115,199,202,152,233,85,24,215,122,210,111,88,188,52,113,84,26,167,129,53,20,222,140,116,171,203,34,177,117,197,156,161,168,214,140,32,22,147,133,78,47,109,204,231,81,201,113
171,129,229,93,28,19,11,124,112,215,177,7,220,15,28,205,147,231,91,123,99,137,97,98,54,66,204,124,130,231,209,126,23,73,197,50,201,39,204,162,202,199,63,79,79,193,71,77,113,98,237,49,222,215,133,47,8,228,154,104,61,148,30,78
71,254,189,244,241,61,206,217,31,148,225,223,66,131,214,249,126,101,67,173,196,85,117,200,222,155,71,220,142,167,245,136,224,97,193,75,154,49,190,201,66,137,121,78,7,200,17,132,87,121,221,102,78,102,234,122,2,138,58,2,50,134,213,179
65,75,95,172,116,70,240,104,121,77,55,104,171,34,20,145,185,68,135,73,34,139,49,61,250,252,226,70,137,218,118,191,184,19,197,242,198,71,160,51,106,102,80,239,136,126,81,138,222,117,150,183,234,172,249,174,111,224,156,37,186,178,128,122
152,6,126,190,11,37,159,106,194,33,226,214,100,23,205,214,225,241,234,50,202,113,135,17,136,233,1,111,7,88,17,151,239,130,108,165,93,49,54,217,134,132,248,93,174,152,103,185,109,32,186,185,94,226,51,190,80,71,229,0,56,62,107,220
214,139,27,183,70,69,106,115,34,102,136,61,144,4,105,44,127,245,197,213,62,100,114,17,146,52,71,191,140,54,102,218,244,250,134,198,25,169,189,200,143,85,188,14,54,211,19,224,188,9,180,13,32,21,160,59,225,229,89,156,187,219,71,188
212,85,97,102,39,216,61,208,30,160,216,246,200,79,133,132,102,100,7,88,118,45,243,162,51,19,30,169,8,20,81,175,240,147,67,122,46,16,255,221,113,146,75,180,116,236,57,86,202,176,63,197,215,1,40,74,58,167,2,50,231,114,234,229
130,113,250,17,112,160,8,15,152,65,40,250,237,188,100,153,74,150,150,114,227,125,235,106,172,249,211,73,64,134,127,141,202,120,147,116,83,64,193,98,85,41,83,78,99,28,22,211,21,195,105,26,109,24,72,254,93,78,149,237,231,135,111,247
70,232,43,229,66,186,89,158,19,147,86,208,203,226,178,138,125,40,214,121,73,114,144,127,75,45,236,239,16,215,245,189,211,240,5,195,156,100,95,132,109,47,243,55,128,71,46,193,124,153,132,110,137,4,86,195,145,99,242,137,192,240,94,113
97,226,19,99,86,41,42,75,158,64,1,142,121,86,168,229,30,100,248,209,156,139,32,94,147,223,203,238,103,159,185,245,184,163,57,223,55,173,6,254,48,192,21,64,52,53,141,221,158,62,175,212,130,91,241,116,179,162,114,175,205,76,146,200
15,139,38,68,201,68,78,117,152,211,168,167,42,208,234,64,24,155,122,52,78,192,197,47,164,140,110,115,167,190,27,106,171,172,143,131,136,27,217,216,60,87,220,204,215,146,122,92,92,204,169,188,97,120,7,81,111,199,211,144,106,225,31,108
106,222,44,185,79,73,54,73,180,153,14,63,191,118,48,115,238,220,210,206,93,78,48,178,92,172,28,50,17,147,159,145,213,118,174,245,206,76,248,222,222,148,239,196,104,101,101,65,147,68,28,70,189,79,1,157,136,73,104,31,177,5,75,228
134,35,79,125,122,132,83,33,184,66,41,244,116,119,216,201,71,78,20,88,222,91,19,155,146,68,215,248,149,62,177,153,213,142,222,44,219,151,1,177,124,136,169,226,119,57,174,202,5,235,191,133,83,147,157,121,168,12,248,46,236,126,103,27
199,120,168,47,186,59,123,232,169,40,102,214,198,21,185,231,207,100,130,114,8,91,109,193,185,81,181,146,179,144,195,166,8,69,106,181,204,229,179,213,220,145,19,148,138,36,248,140,0,59,140,245,248,213,152,136,119,187,96,193,13,90,41,79
48,16,43,232,51,187,141,11,234,24,124,115,68,241,50,123,57,64,174,139,226,87,166,177,191,94,117,74,161,169,45,108,66,124,71,77,10,88,77,113,125,52,180,188,171,47,123,16,178,151,203,38,48,2,150,227,54,214,135,254,149,119,171,3
74,226,99,29,76,210,233,0,176,180,149,90,34,32,94,32,95,152,99,7,108,244,71,170,247,88,22,67,90,143,216,205,132,225,158,113,178,195,240,31,126,245,29,234,78,240,132,78,144,163,16,226,103,149,169,139,167,229,245,49,117,116,144,20
143,79,224,127,245,253,126,246,134,185,227,19,145,45,76,98,187,24,4,206,29,8,113,86,153,230,77,87,9,223,218,233,85,2,186,33,138,245,132,9,225,62,14,117,39,237,183,0,199,127,53,246,61,52,210,59,99,194,54,92,86,198,247,156
200,20,14,160,255,153,21,200,31,200,143,9,17,85,253,169,31,218,92,135,209,79,54,220,16,98,165,18,252,147,152,203,127,200,248,126,94,76,65,40,67,7,78,125,224,22,58,10,103,155,133,248,161,163,194,9,179,120,160,167,133,100,167,2
153,82,93,110,160,185,149,86,95,232,201,33,62,92,83,166,22,169,172,35,194,241,160,10,146,149,163,34,174,121,180,23,92,124,182,235,163,12,106,51,139,187,253,153,211,106,16,253,188,124,163,189,42,68,150,190,133,99,0,39,175,88,174,84
144,104,114,144,155,172,161,113,82,201,241,229,59,183,35,129,104,155,140,150,56,158,144,40,251,143,4,9,28,205,184,237,25,242,154,169,45,21,254,160,107,255,156,150,237,185,169,96,231,105,107,254,228,159,149,7,114,29,240,19,120,183,17,181
88,231,25,183,198,124,152,63,23,133,223,242,220,109,38,123,172,232,98,62,129,179,138,155,39,149,44,223,213,168,82,235,102,221,209,61,244,147,31,40,184,132,227,251,66,216,171,242,246,5,34,240,106,184,154,47,90,55,152,231,59,210,87,42
169,243,15,59,210,247,133,100,95,60,48,109,14,0,152,246,143,221,81,199,233,77,44,24,46,212,199,222,6,54,191,186,35,202,245,43,93,217,181,42,42,231,176,47,253,168,43,104,244,37,191,212,41,31,107,179,68,144,121,36,233,134,58,166
